  0.01163727116614562  0.01507697118256987  0.02145379321595596  0.02916692793420297
  0.03720048380702357  0.04517545096382438  0.05326647012116304  0.06141724719213901
  0.06970968613646086  0.07808042621176110  0.08657489630453065  0.09517153128794265
  0.10387170871249764  0.11268110985336489  0.12159374753023587  0.13061470974657294
  0.13974680951346416  0.14898623019123691  0.15834103249750137  0.16781497104218981
  0.17742193417347490  0.18715554407071408  0.19701571114513117  0.20699758556888578
  0.21710574002199920  0.22734670127980178  0.23771572125439994  0.24821871712900023
  0.25884516104028016  0.26960682358283006  0.28049633647752636  0.29152151268212606
  0.30267253665905830  0.31395271667958641  0.32535369635288008  0.33688024541765055
  0.34852629527612605  0.36029204907895968  0.37216534803079893  0.38414765005352930
  0.39623827808293055  0.40844001871692026  0.42072774642455962  0.43307634487001639
  0.44548068515444983  0.45794750435195375  0.47048537259611256  0.48308666251292365
  0.49571329119356705  0.50836678583763117  0.52102427479244207  0.53370966306165413
  0.54638337654984070  0.55904324429280960  0.57167405786516901  0.58426704652138861
  0.59680831512764421  0.60928358884324818  0.62167407749926662  0.63399245779429003
  0.64622801313900902  0.65837471610953191  0.67041643914131932  0.68235705081445197
  0.69419015685927865  0.70590348796207381  0.71749578681124304  0.72896637290264210
  0.74031736199987308  0.75152918935102864  0.76260355744039665  0.77353654733979105
  0.78434738671010951  0.79503383457081933  0.80559680729111038  0.81602975634763419
  0.82632882407739161  0.83649076138353418  0.84651827315027750  0.85641204798933190
  0.86617678859208602  0.87582566128772699  0.88535634425639498  0.89478103892838734
  0.90408763935068126  0.91328480473385609  0.92236467789215870  0.93132825442386069
  0.94017461993163820  0.94890902000541477  0.95754249909407285  0.96607779074980282
  0.97451554292529252  0.98278998479009327  0.98920216111855219  1.00000000000000000
 -0.00254308835649523  0.00987418295577833  0.02015061163592661  0.03072217168873378
  0.04125839272436038  0.05177523830610335  0.06230565358542934  0.07287638018645390
  0.08343024813409551  0.09403544534786924  0.10461070177008948  0.11527220081963147
  0.12592667277749231  0.13658521586462333  0.14725020770747624  0.15786838068332737
  0.16844575667643372  0.17890515817200331  0.18938721785684245  0.19978886580015326
  0.21024856776698403  0.22068572343172754  0.23115222019707171  0.24159113705018551
  0.25198450156409408  0.26245264738501700  0.27290512351142426  0.28334611161842954
  0.29376731444333359  0.30423772019427542  0.31473949899396486  0.32520701962973120
  0.33573168649929541  0.34622948433831080  0.35672851721000320  0.36718252513299521
  0.37770498750512560  0.38837036674545217  0.39901628383871829  0.40966132837344810
  0.42025780383260813  0.43094041313420761  0.44159743512000149  0.45224770924968588
  0.46284185371498238  0.47345868921281425  0.48405483880907602  0.49467849727760876
  0.50526462562598662  0.51580978854231418  0.52636061333326722  0.53692877081825829
  0.54749513174316600  0.55801230679650737  0.56849446301535456  0.57898757719339633
  0.58951828665548645  0.60003780951158192  0.61049936649328962  0.62099881922516720
  0.63154943608001457  0.64217335645850748  0.65273539944354286  0.66334863174024794
  0.67403273466023306  0.68472779582803789  0.69541950264040775  0.70604613323172072
  0.71663713844693877  0.72725794875480931  0.73788952720017786  0.74853156904511453
  0.75910351671874055  0.76968407970828268  0.78024761446136992  0.79074348988969390
  0.80116914314953980  0.81160320093533711  0.82206510808090361  0.83243667345891015
  0.84284720861943674  0.85324695437076725  0.86374043974998738  0.87416805053226732
  0.88473643753643361  0.89526498258648290  0.90580515756184909  0.91632211710423361
  0.92679707445104076  0.93732472992344984  0.94777601725199567  0.95830301596074019
  0.96870039195628477  0.97913527307801262  0.98955588856628174  1.00000000000000000
   5.0447017451758835E-002  -1.0000000000000000     
 F F F F F F F F F F F F F F F F F F F F F F F F F F F F F F F F
  <DiscreteSampler_grid>
  grouped_processes
  1 # 1 for a reference and 2 for a running grid.
  10 # Attribute 'min_bin_probing_points' of the grid.
  1 # Attribute 'grid_mode' of the grid. 1=='default',2=='initialization'
  0.0000000000000000 # Attribute 'small_contrib_threshold' of the grid.
  0.5000000000000000 # Attribute 'damping_power' of the grid.
 # binID   n_entries weight   weight_sqr   abs_weight
    10   10   8.623688070095791E+008   7.781247110156008E+017   8.623688070095791E+008
  </DiscreteSampler_grid>
