  0.01166913848590026  0.01511966972632278  0.02185162981825082  0.02992257723762394
  0.03821220454626439  0.04649015042909483  0.05488423001008355  0.06335015480255883
  0.07194133526406750  0.08058921702363478  0.08937606103028614  0.09826155222918302
  0.10727718025127785  0.11640794861438822  0.12565250140847276  0.13501138282049854
  0.14448392138967328  0.15408457071692680  0.16381688404080993  0.17367602708153285
  0.18364742229249231  0.19373292692767258  0.20394308264943081  0.21428784081565033
  0.22476402803846987  0.23537345592171646  0.24611456219982039  0.25699420636029302
  0.26800649572482071  0.27915537549495933  0.29042910226027296  0.30182962855995871
  0.31334918411430196  0.32499488852444908  0.33675458119044233  0.34862780000722138
  0.36060515734668769  0.37267895301974552  0.38484482462983138  0.39710997611215310
  0.40946168198493593  0.42188614180127371  0.43434908202059302  0.44687952003151477
  0.45945937200243914  0.47209184525629466  0.48474614916276437  0.49740593022650359
  0.51005213433606933  0.52268496015783583  0.53530070320524969  0.54788868347091901
  0.56044469228053351  0.57296632650928203  0.58543796274829019  0.59783636732944734
  0.61014967622388683  0.62237392778064937  0.63450042451433453  0.64651717629173322
  0.65843010057295515  0.67023286209829924  0.68193977730290078  0.69351384965593788
  0.70496930721341056  0.71628242769753026  0.72748555567774609  0.73855064229183109
  0.74949361615498711  0.76029042310974537  0.77096616195891665  0.78150207612633149
  0.79192385796204523  0.80221591199911380  0.81239063127196709  0.82243224726233066
  0.83235448796901257  0.84214862915649569  0.85182890222914642  0.86137642644341772
  0.87080337995186419  0.88009981994897857  0.88928379517317779  0.89835109060269436
  0.90729677756543958  0.91613958508069138  0.92486863971114464  0.93350382742469573
  0.94203058618530922  0.95044287165542896  0.95876167989412275  0.96698468596089959
  0.97514366840935374  0.98313467878050431  0.98920331542270179  1.00000000000000000
 -0.00237397527282450  0.00961775095774659  0.01982204172742089  0.03031889652278305
  0.04084482417324067  0.05138435190310568  0.06192034536912581  0.07249400129748609
  0.08303726777317932  0.09362914820374903  0.10424903505188346  0.11483875369372011
  0.12547221757948274  0.13604617337392613  0.14668012290327170  0.15730254545454814
  0.16800237090228778  0.17865268870370735  0.18927535159723236  0.19982521024441449
  0.21037334263459848  0.22084534645824558  0.23133006536787837  0.24172554087713449
  0.25215203266960773  0.26260045797351395  0.27311588809006537  0.28362494940740196
  0.29410668399230949  0.30466032264309778  0.31515419143056428  0.32556931173850739
  0.33597133023295583  0.34636402931272842  0.35684376537223544  0.36730990200525715
  0.37779755722018415  0.38825868604586294  0.39878660996821375  0.40940615587887974
  0.42006183521752588  0.43066331175648065  0.44121541359038602  0.45180120577687816
  0.46237895218503389  0.47303263337700746  0.48367906351731466  0.49430061389713814
  0.50489022878408951  0.51550866198778078  0.52606809690303846  0.53660677936766954
  0.54712261813616991  0.55764175237296720  0.56807283143336862  0.57846037994488120
  0.58888297278073143  0.59940806772774713  0.60993039679183592  0.62052793236658887
  0.63115557000594857  0.64180087211893566  0.65237465365633884  0.66300382203016028
  0.67370599867336700  0.68444072751396479  0.69502854233449463  0.70562620114353880
  0.71618032660676822  0.72674181269431748  0.73718866650270465  0.74767100917540530
  0.75818050359544487  0.76864342442989420  0.77910059155038369  0.78952358712218473
  0.80002847942978983  0.81062775158537725  0.82127836069867266  0.83188170654587301
  0.84239100356039864  0.85288518414755843  0.86344100849164696  0.87398605248759587
  0.88449724868772472  0.89502088082523523  0.90568277728257529  0.91632009760156052
  0.92678662109036725  0.93722640307368366  0.94768418374932661  0.95819299053422891
  0.96856957268920241  0.97902790122873817  0.98951275869117428  1.00000000000000000
   2.6868875651391992E-004  -1.0000000000000000     
 F F F F F F F F F F F F F F F F F F F F F F F F F F F F F F F F
  <DiscreteSampler_grid>
  grouped_processes
  1 # 1 for a reference and 2 for a running grid.
  10 # Attribute 'min_bin_probing_points' of the grid.
  1 # Attribute 'grid_mode' of the grid. 1=='default',2=='initialization'
  0.0000000000000000 # Attribute 'small_contrib_threshold' of the grid.
  0.5000000000000000 # Attribute 'damping_power' of the grid.
 # binID   n_entries weight   weight_sqr   abs_weight
    10   10   4.403239873339614E+006   2.015398218352854E+013   4.403239873339614E+006
  </DiscreteSampler_grid>
