  0.01161388171848391  0.01475503045994224  0.02123044726725064  0.02899211689177314
  0.03709243629923660  0.04517801083918553  0.05340960681825085  0.06173202465109220
  0.07021718560455041  0.07878634619088275  0.08749888181765733  0.09632096246198099
  0.10524668643240301  0.11427953956863580  0.12341760869660284  0.13267917340808108
  0.14206449071393767  0.15156513067248556  0.16117612707307172  0.17089982785573984
  0.18072919774839336  0.19066662595282674  0.20071896948501869  0.21090188825121153
  0.22121971053291714  0.23166078054336076  0.24221352444565425  0.25288045503238393
  0.26366501464821795  0.27457896749143162  0.28561671242878151  0.29678509040880330
  0.30807247843509944  0.31947992427245797  0.33100465919075561  0.34265529971878883
  0.35441837498627432  0.36628575870285079  0.37825335849273573  0.39032663501749204
  0.40249820744991466  0.41474890122420827  0.42706577179975180  0.43945187386939727
  0.45189322584906905  0.46439085376869393  0.47692322567510892  0.48949113921846826
  0.50205552299833167  0.51463407389030302  0.52722578138828946  0.53982794043868565
  0.55240805699247086  0.56496529527212336  0.57747396470119150  0.58993374625824879
  0.60232726686155869  0.61466865519494795  0.62693805262976376  0.63912470290145795
  0.65121216109816560  0.66320131440918195  0.67508891767826240  0.68686799671331089
  0.69853267438821998  0.71007185600067435  0.72148989054677537  0.73277615355509484
  0.74394804399482728  0.75499369323929644  0.76591791723046887  0.77670105583045546
  0.78735361521486047  0.79787244902791554  0.80827235989640245  0.81854155983946786
  0.82868925976874919  0.83870488206805993  0.84859862778494799  0.85836283969420912
  0.86800228791374745  0.87752013897003833  0.88691668911118526  0.89620378617658569
  0.90537120478769872  0.91443052189670893  0.92337017909242936  0.93219760795267725
  0.94091890451467552  0.94952754531385897  0.95803861740844543  0.96644710627539432
  0.97476735351069388  0.98293647844810861  0.98924888900360652  1.00000000000000000
 -0.00228447903204160  0.00957636674793100  0.01962032174994708  0.03013780090258804
  0.04056278055923958  0.05111367916885325  0.06164023585333701  0.07210497957208055
  0.08262926087467162  0.09304398873298986  0.10345686754400218  0.11386789334391550
  0.12434523822759252  0.13486434687931256  0.14533491675809446  0.15588224684618529
  0.16648172959576377  0.17703874900973005  0.18764384249414828  0.19821496977995029
  0.20884670538277092  0.21937084763532397  0.22988631335301085  0.24046593440589253
  0.25091216572612468  0.26149094501024095  0.27204384388269398  0.28270869174550284
  0.29333093532855209  0.30395252957285440  0.31450387392306889  0.32506509392843319
  0.33559150698434820  0.34622941337767915  0.35688650778318193  0.36761082774987131
  0.37828745803587238  0.38888414291481166  0.39953556314690530  0.41019846719932301
  0.42085384291398265  0.43143804984777212  0.44204346588955190  0.45265294746508267
  0.46312364859480681  0.47351101581408211  0.48393817560401808  0.49446632790216494
  0.50504619774678039  0.51567911160963298  0.52629931639656236  0.53695241259068160
  0.54754963960911474  0.55819022610427949  0.56875623237342721  0.57927019136115010
  0.58979566127673222  0.60023821945600442  0.61068908106158859  0.62114475553734838
  0.63170945661976197  0.64227418138283066  0.65284758355824224  0.66339343084919911
  0.67398641901247247  0.68458194339182399  0.69514312187643656  0.70570302028447773
  0.71626206281154692  0.72681386274235105  0.73730132828554806  0.74775580723930424
  0.75821514623660680  0.76871142982889407  0.77924031586828291  0.78979350764680267
  0.80031683905231965  0.81080409475732895  0.82128044945169842  0.83178551672366985
  0.84231871799933700  0.85288382438081489  0.86341830946184761  0.87391794168562953
  0.88444608599268471  0.89504616884009058  0.90554909233039727  0.91601641954434587
  0.92639698274926474  0.93680766789357273  0.94726633196286070  0.95766570623765279
  0.96824006460936740  0.97875419242458994  0.98939480111151623  1.00000000000000000
   4.9232450124533055E-002  -1.0000000000000000     
 F F F F F F F F F F F F F F F F F F F F F F F F F F F F F F F F
  <DiscreteSampler_grid>
  grouped_processes
  1 # 1 for a reference and 2 for a running grid.
  10 # Attribute 'min_bin_probing_points' of the grid.
  1 # Attribute 'grid_mode' of the grid. 1=='default',2=='initialization'
  0.0000000000000000 # Attribute 'small_contrib_threshold' of the grid.
  0.5000000000000000 # Attribute 'damping_power' of the grid.
 # binID   n_entries weight   weight_sqr   abs_weight
    10   10   9.173836740654949E+008   8.816989231261372E+017   9.173836740654949E+008
  </DiscreteSampler_grid>
