  0.01156938673268363  0.01527773572787887  0.02193127266908380  0.03006969481119585
  0.03843638891965822  0.04682606179254881  0.05536170734792778  0.06399396826788133
  0.07280104582507566  0.08170162318070559  0.09076803333082865  0.09992278577147001
  0.10922142672377480  0.11862048726495146  0.12814300033051632  0.13777072438943058
  0.14751662171608865  0.15736837193832454  0.16734047463459575  0.17743614517458384
  0.18766063141835901  0.19800866739907938  0.20847664251981166  0.21906434996375615
  0.22977490488374830  0.24060713857318158  0.25156454436169434  0.26264083376225333
  0.27383714100075623  0.28515410773474514  0.29659344239051166  0.30814971271669078
  0.31981626187154200  0.33158887583524865  0.34346173057551171  0.35543931311683713
  0.36750414574734247  0.37967029542562791  0.39189750926834382  0.40422528317162210
  0.41661201152364341  0.42909420773788276  0.44159026769667920  0.45410880622458777
  0.46664759344134987  0.47922240932041821  0.49182477032366378  0.50442266380824430
  0.51700070561114386  0.52955845951950020  0.54209200319272643  0.55459204718884381
  0.56704177367127651  0.57943329181362568  0.59175586221095378  0.60400194592013046
  0.61616386697323611  0.62822051729359807  0.64018531813250168  0.65204089734553217
  0.66380260959067017  0.67543475155970867  0.68695792278785406  0.69835571444909550
  0.70963399660809079  0.72078201837378308  0.73180533150149585  0.74270784005953305
  0.75348020169190610  0.76410995328000231  0.77460045283887036  0.78495963761382592
  0.79520083930459395  0.80532139666250735  0.81532094709991110  0.82519520497281917
  0.83493943714922148  0.84455203098457676  0.85403744615830257  0.86339031534331434
  0.87263311578720126  0.88175890606456897  0.89079138332998453  0.89971739130690742
  0.90854058413862249  0.91726176755726629  0.92586385011946126  0.93436795302876430
  0.94276366610335416  0.95106389918051160  0.95927614385326621  0.96739176781004943
  0.97542954041013474  0.98325834323580530  0.98903781791694634  1.00000000000000000
 -0.00254820020279081  0.00988305530066897  0.02018498256588239  0.03075314351454984
  0.04129126411431900  0.05181586645275164  0.06234175973654597  0.07290025091969765
  0.08344767407393661  0.09405835750011064  0.10464227283724845  0.11526177900360922
  0.12589818841272826  0.13652643353500668  0.14716992812954222  0.15775139403999394
  0.16829835374480334  0.17876552617265046  0.18924562324253408  0.19964913362346137
  0.21012889659311418  0.22059270602423275  0.23109998278795127  0.24155335992448829
  0.25195230399333407  0.26239155408253184  0.27283397118563568  0.28329174750209729
  0.29373699468933884  0.30423251244391908  0.31474220919293877  0.32524770959468163
  0.33577894299515748  0.34628795286019737  0.35678153857356465  0.36724415098077351
  0.37776831063428490  0.38843317426860957  0.39906447190544209  0.40970163207840643
  0.42028625959067062  0.43097022085881681  0.44163660200027688  0.45230056709206373
  0.46290577527670151  0.47352466748585992  0.48413281469270236  0.49474058233982005
  0.50529741827093211  0.51582392630122442  0.52636590587105181  0.53694942669701196
  0.54751366627238407  0.55804146681971445  0.56851476783293231  0.57897916606737110
  0.58947250490807035  0.59997306140802686  0.61044162781588485  0.62094501579563621
  0.63149399538338313  0.64209235256882358  0.65262373908869498  0.66321149661543577
  0.67388504234714242  0.68458824661175688  0.69529136627110366  0.70593174424491056
  0.71655430586555402  0.72718580892227813  0.73780587072641357  0.74845219368312932
  0.75903663112391739  0.76963714099930225  0.78019323085503878  0.79068009391596861
  0.80111274815763389  0.81155952948835919  0.82204387860813943  0.83243818601110153
  0.84284410337867077  0.85323741353094429  0.86372097784087676  0.87415571004045511
  0.88472250099779781  0.89523950689549392  0.90576591508971338  0.91626376970078005
  0.92673757322718242  0.93726430720301102  0.94771338090365043  0.95823627021841418
  0.96863743718527584  0.97910021274245496  0.98954344341811307  1.00000000000000000
   2.6476739217628451E-004  -1.0000000000000000     
 F F F F F F F F F F F F F F F F F F F F F F F F F F F F F F F F
  <DiscreteSampler_grid>
  grouped_processes
  1 # 1 for a reference and 2 for a running grid.
  10 # Attribute 'min_bin_probing_points' of the grid.
  1 # Attribute 'grid_mode' of the grid. 1=='default',2=='initialization'
  0.0000000000000000 # Attribute 'small_contrib_threshold' of the grid.
  0.5000000000000000 # Attribute 'damping_power' of the grid.
 # binID   n_entries weight   weight_sqr   abs_weight
    10   10   4.403683750037231E+006   1.997380554805001E+013   4.403683750037231E+006
  </DiscreteSampler_grid>
