  0.01160276953353234  0.01475277562373705  0.02121459999477130  0.02891395601638575
  0.03693893563648498  0.04491152472927171  0.05299421553767009  0.06114446337443429
  0.06942715586289061  0.07778437611184805  0.08625986098199481  0.09483992908868152
  0.10351353278000941  0.11229104835121674  0.12117065151270630  0.13016902810977785
  0.13929454145440845  0.14853573069721226  0.15789452391222775  0.16736723710991872
  0.17695503586926545  0.18665385659757622  0.19647433027664912  0.20642805977225245
  0.21652290126560014  0.22675175845770376  0.23709819889763897  0.24756664344793980
  0.25815636817516763  0.26888568398526341  0.27974841215334123  0.29075001431762626
  0.30188161908393552  0.31313997514035441  0.32452634227569999  0.33604728403660583
  0.34769678798498638  0.35946057874481441  0.37133373801803349  0.38332453422147983
  0.39542515578671256  0.40762517759427436  0.41990446760000877  0.43226463472663107
  0.44469622971880957  0.45719281698967357  0.46974462995359878  0.48234002770810613
  0.49495726798523548  0.50759394724833973  0.52025589707036934  0.53294518364818289
  0.54562595561769589  0.55829637465680959  0.57092333843346021  0.58351901829213593
  0.59605100133158539  0.60854338236538796  0.62096648046744540  0.63332083235465342
  0.64557756062950078  0.65774458931295066  0.66981164840238372  0.68177599106044151
  0.69362724821506283  0.70535752145272879  0.71696435464021957  0.72844290245872789
  0.73980247693264845  0.75103959956739075  0.76215209809263718  0.77312599450566943
  0.78396327390324960  0.79466669237514764  0.80524422316238986  0.81569349477235298
  0.82601527359375360  0.83620606559089594  0.84626717041272670  0.85619932457754266
  0.86599803113362839  0.87567599174388044  0.88522783349516010  0.89466808582420221
  0.90398904988530027  0.91319663687673436  0.92228382457550617  0.93125269851062098
  0.94011312612178299  0.94885776386966914  0.95750096633456483  0.96604070262645414
  0.97448570412257429  0.98279027714026934  0.98928251450852545  1.00000000000000000
 -0.00228128458309290  0.00956615275971268  0.01960719584474472  0.03015592798931969
  0.04060210042797131  0.05116554733461623  0.06168501532634690  0.07214419884945493
  0.08266761875734804  0.09308134530760394  0.10348812705316532  0.11389408192672830
  0.12437135121681132  0.13489294602078836  0.14535785133191256  0.15589555331473953
  0.16647948677472876  0.17702825905640446  0.18762030445627548  0.19818751550766273
  0.20880925194603908  0.21932985811626099  0.22984997189053730  0.24045037419027213
  0.25090546320962293  0.26149306179833648  0.27205538593618683  0.28271631998708463
  0.29332671514927117  0.30393679504351317  0.31448845758044813  0.32506459054279019
  0.33559540476572391  0.34624501830664844  0.35693131044866067  0.36768264627824115
  0.37838314969301062  0.38898088973175560  0.39965326852331140  0.41032959902512406
  0.42099040344961364  0.43157824937526451  0.44220309676067776  0.45283458288834133
  0.46331005865023245  0.47369895234044712  0.48412995921686564  0.49466267018525090
  0.50524056555227925  0.51586875197593396  0.52649092535496622  0.53714877917932802
  0.54774575347262977  0.55837924297086505  0.56894194473709048  0.57945582755276315
  0.58998156079202546  0.60041256526817655  0.61086555109705043  0.62133133831589604
  0.63192281450149468  0.64246063292572198  0.65296148010345201  0.66340822899762220
  0.67394138369597079  0.68452180214434788  0.69508465646804896  0.70564598391644728
  0.71621190454039729  0.72677448321816340  0.73727183021805076  0.74775536020387146
  0.75823874834193861  0.76875816138182895  0.77927384709076497  0.78982751070166579
  0.80034505102008446  0.81083067226646011  0.82129623269241825  0.83179594371286347
  0.84232454846177207  0.85287351183202431  0.86339199552608725  0.87387271641395370
  0.88439074373967208  0.89497620927063004  0.90547515610645768  0.91594152761548375
  0.92633717935804283  0.93676784858655060  0.94724710635690235  0.95765258064556036
  0.96823389434151474  0.97874966249211193  0.98939665402969335  1.00000000000000000
   5.0255805350699422E-002  -1.0000000000000000     
 F F F F F F F F F F F F F F F F F F F F F F F F F F F F F F F F
  <DiscreteSampler_grid>
  grouped_processes
  1 # 1 for a reference and 2 for a running grid.
  10 # Attribute 'min_bin_probing_points' of the grid.
  1 # Attribute 'grid_mode' of the grid. 1=='default',2=='initialization'
  0.0000000000000000 # Attribute 'small_contrib_threshold' of the grid.
  0.5000000000000000 # Attribute 'damping_power' of the grid.
 # binID   n_entries weight   weight_sqr   abs_weight
    10   10   9.366575378859537E+008   9.248188713689921E+017   9.366575378859537E+008
  </DiscreteSampler_grid>
