  0.01159434700680384  0.01527659474923855  0.02191542357707786  0.02998799775643131
  0.03827259381353385  0.04653671817703625  0.05491243004973672  0.06336046089178436
  0.07195410151234860  0.08062515221626418  0.08944335267015466  0.09835021239809012
  0.10738184430858960  0.11651956215286813  0.12577034096061115  0.13513387093069279
  0.14461211486213474  0.15420492844654660  0.16391671260045923  0.17375888728787528
  0.18373305973405188  0.19383913259848698  0.20407102086868437  0.21443012968272923
  0.22491828027370919  0.23553783794619529  0.24628841184542843  0.25716948447031507
  0.26817597382889585  0.27931219590282275  0.29057596812465447  0.30196905693800263
  0.31348225463317464  0.32511534117114482  0.33686007888534603  0.34872019816881938
  0.36068468914150181  0.37275491326161808  0.38491100126253952  0.39716322007364885
  0.40950168587857094  0.42193616907976544  0.43441528251347244  0.44693290273202441
  0.45946987783841503  0.47206242206936638  0.48469499893147644  0.49734737087002767
  0.50998677465708753  0.52262147688033633  0.53523894336477285  0.54784109943026171
  0.56040090882659988  0.57291761993527190  0.58537589824816783  0.59776969010246728
  0.61008239823489041  0.62229800680172875  0.63441779441225155  0.64644168331173457
  0.65837212265724376  0.67018296958993284  0.68188553457894019  0.69346427849185244
  0.70492871573673610  0.71625801131100519  0.72746838038775685  0.73854878217703712
  0.74950911044637814  0.76031737254132459  0.77099332182887237  0.78152468835774402
  0.79194505375293989  0.80223518399833160  0.81240958721858880  0.82245000899722298
  0.83236341930287727  0.84213955260557105  0.85178926620295659  0.86130243314617860
  0.87070125097542239  0.87998170401969145  0.88916201780851800  0.89823785491634101
  0.90720335480848813  0.91606669765780790  0.92481031698131189  0.93345035412445776
  0.94198140599565972  0.95041334805921296  0.95875428943650998  0.96699657800973804
  0.97515512788270098  0.98312576980890487  0.98918838172588597  1.00000000000000000
 -0.00254672429173897  0.00987843183736543  0.02016910167647680  0.03074074102463564
  0.04127942059243046  0.05180258378644419  0.06232626467901602  0.07288785133575011
  0.08344117435791099  0.09405440829933076  0.10464323467622608  0.11528326425990393
  0.12592926009372102  0.13656903575868812  0.14721871657348123  0.15781699410630695
  0.16837701902883082  0.17884574800916567  0.18933146301214496  0.19974177248288605
  0.21021983503021427  0.22068328373903698  0.23118623620174775  0.24164115780364015
  0.25204085161312445  0.26248807851790146  0.27293837768877061  0.28339324607205135
  0.29383699542189140  0.30432821106576130  0.31483878496894990  0.32533268897627893
  0.33586223964991530  0.34636892061519653  0.35686814984412685  0.36733273083554618
  0.37785987584181607  0.38852430426289913  0.39915847177335756  0.40979612460410109
  0.42038270414578360  0.43106525432416476  0.44172636726314929  0.45238497327113553
  0.46298719910022368  0.47360759820799192  0.48421042629872502  0.49481715934621351
  0.50537591051167263  0.51590383687130714  0.52644988350270105  0.53702950762000423
  0.54759343246408121  0.55810292555906393  0.56856423627757757  0.57902165233308367
  0.58952641494663061  0.60003405397236176  0.61050327635610668  0.62100519296514667
  0.63155740418206952  0.64216452860762618  0.65270472402243496  0.66329704470522566
  0.67397602747224694  0.68468060708443512  0.69538627010554199  0.70602044647539663
  0.71663489027480587  0.72726046205201345  0.73788581168346568  0.74852375579696795
  0.75910025027697581  0.76968786881851647  0.78024319223157057  0.79072926689069944
  0.80115835426130577  0.81159711337339990  0.82206928730272866  0.83245146564506700
  0.84285728844946173  0.85325034795794241  0.86373327796119237  0.87416281920671079
  0.88473147264592455  0.89524971353779881  0.90577806628896984  0.91627739974699163
  0.92675698131757300  0.93728662221428616  0.94773646593937300  0.95825688013929422
  0.96865753364564533  0.97911435713860961  0.98954979856654968  1.00000000000000000
   2.7021692342867130E-004  -1.0000000000000000     
 F F F F F F F F F F F F F F F F F F F F F F F F F F F F F F F F
  <DiscreteSampler_grid>
  grouped_processes
  1 # 1 for a reference and 2 for a running grid.
  10 # Attribute 'min_bin_probing_points' of the grid.
  1 # Attribute 'grid_mode' of the grid. 1=='default',2=='initialization'
  0.0000000000000000 # Attribute 'small_contrib_threshold' of the grid.
  0.5000000000000000 # Attribute 'damping_power' of the grid.
 # binID   n_entries weight   weight_sqr   abs_weight
    10   10   4.542606328713679E+006   2.136837444365070E+013   4.542606328713679E+006
  </DiscreteSampler_grid>
