  0.01156510934555667  0.01527364473071099  0.02191506199676463  0.03001219869542188
  0.03833227282208421  0.04665559183584497  0.05510276581786206  0.06363302341343757
  0.07231656521744986  0.08108578576701168  0.09001784194189685  0.09904188445797671
  0.10820288378808252  0.11746488991411881  0.12684115196876544  0.13632614811426258
  0.14592242704984021  0.15563166406889414  0.16546764658288518  0.17544172616560497
  0.18554714789417728  0.19577918065487673  0.20613394067639823  0.21661448614118145
  0.22721919102940077  0.23794942597342333  0.24880555049366784  0.25978456667376809
  0.27088307992348121  0.28210500160143770  0.29345550796100750  0.30493349591167873
  0.31652751476082142  0.32823489523691646  0.34004792346505064  0.35196769188487531
  0.36398407202564637  0.37610172577540740  0.38829671573898850  0.40058595505445416
  0.41295109653629097  0.42541219175028339  0.43790358310646582  0.45042848445411876
  0.46297178263959188  0.47556042383758224  0.48818411612732515  0.50081573088555531
  0.51343363059485803  0.52604024835550056  0.53862508491487981  0.55118113450810569
  0.56368661739759252  0.57614175649994803  0.58853376567751980  0.60085616131052999
  0.61309504089795741  0.62523436904845164  0.63727820554405401  0.64921928516952343
  0.66106823945111604  0.67279219811082591  0.68441078581672399  0.69590333774985202
  0.70728085758922743  0.71852201895508372  0.72963823504219616  0.74062426551870897
  0.75148575804209028  0.76220180767639945  0.77278350589894518  0.78322822954877869
  0.79356431369646396  0.80377543395644635  0.81386752348795677  0.82382558948247064
  0.83365508312052505  0.84335255107832729  0.85292436145957495  0.86235630040246314
  0.87167459031189998  0.88087270492812719  0.88997712957626685  0.89897842999537525
  0.90787188631075777  0.91666280499222208  0.92533349087306305  0.93390532172511098
  0.94236974456267608  0.95073525037215145  0.95901172062781526  0.96719083035026487
  0.97529274616374861  0.98319912293513856  0.98918531707182100  1.00000000000000000
 -0.00253580721037419  0.00984344658828520  0.02009793152591240  0.03063625818391843
  0.04114035860494875  0.05165149953354003  0.06215800729219290  0.07271077917786303
  0.08323431332583439  0.09385167423295901  0.10444960229452406  0.11507349005938028
  0.12573275911404583  0.13637275795648704  0.14703312612034897  0.15760573705460640
  0.16814534453491375  0.17859660299711963  0.18906801390473915  0.19945052518182055
  0.20992567210585861  0.22038427554740636  0.23088781760857180  0.24134564951241819
  0.25174741196451300  0.26219577160197005  0.27264006590337120  0.28305280962056939
  0.29347004974146967  0.30393797232134562  0.31442568815891658  0.32491164942342043
  0.33542115880834428  0.34593046900232938  0.35641517197444267  0.36687532035781556
  0.37738764798350405  0.38801377659863356  0.39861450248312946  0.40923813486963539
  0.41980890167994955  0.43049324421577445  0.44116935844682537  0.45185049283970802
  0.46247147274000933  0.47308910431987877  0.48370601725760082  0.49431621377241391
  0.50488334864819695  0.51540968738790582  0.52595078170365561  0.53652368429266739
  0.54707822859968913  0.55758537165691691  0.56804931916551216  0.57850371177679338
  0.58901315795320897  0.59953326493404724  0.61002722685174837  0.62053755529683918
  0.63112436932624294  0.64179438253628729  0.65237873293781468  0.66301670172525129
  0.67372628021844627  0.68447452910496309  0.69517763721857007  0.70579760583818663
  0.71640863516366249  0.72702109662076564  0.73763334487190546  0.74826826144285852
  0.75884768182617612  0.76943928464386979  0.77999178273172953  0.79047255530894800
  0.80090519878778199  0.81134047551898103  0.82181944193757406  0.83220699135443499
  0.84262107553370291  0.85301626407919240  0.86351310046935947  0.87395773269024879
  0.88454213537033555  0.89507603341992426  0.90562130383933037  0.91612843763167795
  0.92662450452400380  0.93716450458589107  0.94761410652463873  0.95814388439201070
  0.96858586245374290  0.97908290800757725  0.98953365691130657  1.00000000000000000
   5.3513211287401700E-004  -1.0000000000000000     
 F F F F F F F F F F F F F F F F F F F F F F F F F F F F F F F F
  <DiscreteSampler_grid>
  grouped_processes
  1 # 1 for a reference and 2 for a running grid.
  10 # Attribute 'min_bin_probing_points' of the grid.
  1 # Attribute 'grid_mode' of the grid. 1=='default',2=='initialization'
  0.0000000000000000 # Attribute 'small_contrib_threshold' of the grid.
  0.5000000000000000 # Attribute 'damping_power' of the grid.
 # binID   n_entries weight   weight_sqr   abs_weight
    13   10   4.333911841953900E+006   1.924447105516177E+013   4.333911841953900E+006
    16   10   4.426082820068477E+006   2.017102923168253E+013   4.426082820068477E+006
  </DiscreteSampler_grid>
