  0.01156290506322163  0.01527329302653800  0.02190780460024852  0.02997479005508341
  0.03825555119100769  0.04651543152323818  0.05488714871480854  0.06333109536849948
  0.07192088250242677  0.08058804609644241  0.08940214410609526  0.09830524326713747
  0.10733290997112535  0.11646727382781827  0.12571477501170794  0.13507527125291774
  0.14455060657406044  0.15414073209270834  0.16384998896041802  0.17368981586653570
  0.18366191133248727  0.19376588974139514  0.20399583003005306  0.21435319428837898
  0.22484016599536866  0.23545899430672135  0.24620917256630326  0.25709016317562805
  0.26809691751808434  0.27923375336553424  0.29049849112015302  0.30189295052387954
  0.31340791140803886  0.32504311304505024  0.33679054000402509  0.34865345627924366
  0.36062096171498453  0.37269436686991264  0.38485444477487829  0.39711123291289535
  0.40945485682761756  0.42189479558699594  0.43437952376496075  0.44690275908984989
  0.45944549343382324  0.47204431983080364  0.48468327512020021  0.49734206947045484
  0.50998759656306969  0.52262839613324485  0.53525187880449288  0.54785992283164653
  0.56042544303666919  0.57294766135364572  0.58541120873002483  0.59780997894900556
  0.61012735049042410  0.62234725702144944  0.63447084301281598  0.64649792386073801
  0.65843126617767311  0.67024472453291029  0.68194966420780745  0.69353042500401818
  0.70499649615407645  0.71632731354172219  0.72753894462895274  0.73862047901233330
  0.74958132043988079  0.76038965744385734  0.77106549610660979  0.78159662949151587
  0.79201638431128252  0.80230529849183085  0.81247795748168150  0.82251645493525849
  0.83242761729832304  0.84220132541278170  0.85184838267058505  0.86135869412464161
  0.87075455250854850  0.88003203516518769  0.88920949423097573  0.89828220356498545
  0.90724440436642007  0.91610410713146628  0.92484386402109653  0.93348002849084288
  0.94200705079741398  0.95043499321401037  0.95877209547901054  0.96701042190583253
  0.97516502140802164  0.98313099770497370  0.98918816258935383  1.00000000000000000
 -0.00254679492090224  0.00987833429345171  0.02016883810941957  0.03074019424178024
  0.04127846699951890  0.05180122727025754  0.06232450727223973  0.07288590611015114
  0.08343902086190957  0.09405217237124432  0.10464075775406627  0.11528060246577301
  0.12592643818042998  0.13656617177489744  0.14721593750238768  0.15781420195738380
  0.16837410788316959  0.17882976740728301  0.18930161571626858  0.19969831928933665
  0.21017510371024792  0.22063825588804609  0.23114069254502750  0.24159548454866228
  0.25199492101078474  0.26244153813370158  0.27289140996812433  0.28334584792333450
  0.29378922144216552  0.30427989584226817  0.31479009243307216  0.32528370402487661
  0.33581276403233468  0.34631920584662157  0.35681805885986567  0.36728239189560513
  0.37781081996037957  0.38847668920994471  0.39911112107195224  0.40974680380308232
  0.42033149782975432  0.43101729361361946  0.44168062977400335  0.45234126038764627
  0.46294187246575913  0.47356202930907210  0.48416475205820309  0.49477127618336192
  0.50532999364376063  0.51585777346668094  0.52640352180562600  0.53698285772325005
  0.54754668326183131  0.55806894829013032  0.56854308485001748  0.57901321519171978
  0.58951778377127906  0.60002501373929051  0.61049384459920319  0.62099532151108661
  0.63154718135905197  0.64215414648402080  0.65269400130881783  0.66328617768623876
  0.67396068909911022  0.68466072935991862  0.69536035036755495  0.70599695825645559
  0.71661401111234169  0.72724366176485744  0.73786916751745557  0.74851223390665045
  0.75909384960648363  0.76968641836576279  0.78024158944618294  0.79072724362838676
  0.80115580297423084  0.81159406582008731  0.82206583268055522  0.83244754453418524
  0.84285363038360595  0.85324695200139500  0.86373025330476005  0.87415938309058938
  0.88472784402230309  0.89524591100250828  0.90577407396851717  0.91627315734573134
  0.92675473210168802  0.93728655340449163  0.94773843764633503  0.95825869802650210
  0.96865882842654005  0.97911519743238085  0.98955017219121399  1.00000000000000000
   2.7019709590058165E-004  -1.0000000000000000     
 F F F F F F F F F F F F F F F F F F F F F F F F F F F F F F F F
  <DiscreteSampler_grid>
  grouped_processes
  1 # 1 for a reference and 2 for a running grid.
  10 # Attribute 'min_bin_probing_points' of the grid.
  1 # Attribute 'grid_mode' of the grid. 1=='default',2=='initialization'
  0.0000000000000000 # Attribute 'small_contrib_threshold' of the grid.
  0.5000000000000000 # Attribute 'damping_power' of the grid.
 # binID   n_entries weight   weight_sqr   abs_weight
    10   10   4.538857775421811E+006   2.133654597760296E+013   4.538857775421811E+006
  </DiscreteSampler_grid>
