  0.01163228074132170  0.01541287079763612  0.02162713068891562  0.02933210003148527
  0.03736345286808107  0.04532960738150726  0.05342003295122572  0.06157301491177010
  0.06986403218213844  0.07821667224545929  0.08669089589066090  0.09526611988942447
  0.10395142202873056  0.11274323871466126  0.12163018534366864  0.13062468916809206
  0.13973527659745866  0.14897468482533541  0.15834079535044407  0.16781375012345048
  0.17740281405594829  0.18710986478089225  0.19694516174880172  0.20690703215795864
  0.21699553303443916  0.22721876509038236  0.23755618207975548  0.24800742506344842
  0.25858973623874831  0.26932431585930439  0.28020123844212785  0.29120760279771052
  0.30233946705042003  0.31360986892977349  0.32501181307980254  0.33654198358102083
  0.34818415060408575  0.35993165722685744  0.37178814767427959  0.38375269440766113
  0.39582647198897447  0.40800333076308470  0.42026077061820405  0.43259547730235315
  0.44501585167447194  0.45752039123088817  0.47008615828752043  0.48269395630721884
  0.49533462080937729  0.50799876814985689  0.52068663454459296  0.53337388524881191
  0.54603239423939542  0.55866961035085894  0.57129063471777908  0.58388417339741039
  0.59642291723460150  0.60890158801732230  0.62130737972031747  0.63363403656338135
  0.64587460936895591  0.65803122525687441  0.67008773615130846  0.68203342535990297
  0.69386959240949286  0.70558701322536488  0.71717780534564368  0.72862708418224043
  0.73994050087716634  0.75113202159669024  0.76221403239683128  0.77318410106530300
  0.78403181089891327  0.79474230029935222  0.80532367165364971  0.81577169770759261
  0.82609132778535288  0.83627140451082926  0.84630926117369376  0.85621773667648005
  0.86600434799720805  0.87568247503968333  0.88524008023418010  0.89468401779126017
  0.90400302917467357  0.91320477268770539  0.92228625894429317  0.93125400136112957
  0.94011667227673446  0.94886461745445982  0.95751300493153924  0.96605843350001852
  0.97451495288425394  0.98280377766633886  0.98928169861252602  1.00000000000000000
 -0.00242565584606509  0.00962592079972208  0.02002226914382552  0.03059674922036038
  0.04130222772407803  0.05187560565784347  0.06250845228593734  0.07306855098215413
  0.08359309661701990  0.09405180850006223  0.10452153633330068  0.11502620965739513
  0.12554148496549164  0.13597213829321347  0.14641059144913082  0.15689736167602369
  0.16740454266337440  0.17786919390004902  0.18830712679835995  0.19878825162513897
  0.20929253849569787  0.21984122417985716  0.23033724110664300  0.24093962105461469
  0.25147573099478676  0.26197828164563830  0.27245735568775903  0.28296172493315502
  0.29351012924135833  0.30402888232855974  0.31456797971476858  0.32509861820279790
  0.33564414728636882  0.34626217116410635  0.35687421139853787  0.36748863927378433
  0.37813799004738713  0.38874965165294606  0.39932033904565739  0.40977544622713191
  0.42025177771429068  0.43072737536532080  0.44126755148757291  0.45183569292872228
  0.46248351817598493  0.47314307858459048  0.48376754104016684  0.49430103369323042
  0.50480145885518857  0.51529330565994058  0.52575916128763045  0.53617510869700535
  0.54666169415566346  0.55724063458816775  0.56777703702833260  0.57827602218477347
  0.58879045895725923  0.59935809813422836  0.60995191798634762  0.62044050684779628
  0.63094347060832123  0.64145237258205634  0.65195865057157876  0.66248655155691227
  0.67305178888262673  0.68357211781814420  0.69411508606608285  0.70464246702203592
  0.71529932704737198  0.72587692158557360  0.73643247739979756  0.74690369405767010
  0.75742183212117953  0.76798331164723743  0.77857539338943305  0.78915135073073384
  0.79968169634962061  0.81020534406791211  0.82068505770952194  0.83112898715416861
  0.84165414620506540  0.85219756580969364  0.86274350868972394  0.87318409649481199
  0.88371644767082846  0.89423245638938142  0.90477889784536925  0.91523552689307552
  0.92580908336464285  0.93645160247701209  0.94710919661454240  0.95775882999172823
  0.96835967394320366  0.97895563955639742  0.98949805995981421  1.00000000000000000
   5.0458662096638671E-002  -1.0000000000000000     
 F F F F F F F F F F F F F F F F F F F F F F F F F F F F F F F F
  <DiscreteSampler_grid>
  grouped_processes
  1 # 1 for a reference and 2 for a running grid.
  10 # Attribute 'min_bin_probing_points' of the grid.
  1 # Attribute 'grid_mode' of the grid. 1=='default',2=='initialization'
  0.0000000000000000 # Attribute 'small_contrib_threshold' of the grid.
  0.5000000000000000 # Attribute 'damping_power' of the grid.
 # binID   n_entries weight   weight_sqr   abs_weight
    10   10   9.431382979747127E+008   9.245815997384010E+017   9.431382979747127E+008
  </DiscreteSampler_grid>
