  0.01160603247945378  0.01475310760029671  0.02122322459275552  0.02895382438920687
  0.03702009436856787  0.04504616022585466  0.05319548032710386  0.06142160389807024
  0.06979325731410331  0.07824946446154384  0.08683547229946684  0.09552986230213376
  0.10432403070734157  0.11322965406986808  0.12224682479779990  0.13139239785934323
  0.14066424147297091  0.15004748939318827  0.15954288728914126  0.16915057444590115
  0.17886684425753246  0.18869014397649031  0.19862936357206773  0.20869995977591732
  0.21890866314060595  0.22924228549789968  0.23968924426455085  0.25025103032610241
  0.26093366938592466  0.27175302304046234  0.28271063593857787  0.29380647898286155
  0.30502472597234720  0.31635913382294256  0.32781228277109098  0.33939543522217086
  0.35109922225752227  0.36290981677936990  0.37482186872937640  0.38684933300578633
  0.39898292500511046  0.41120913037623363  0.42350978894008362  0.43588627909268229
  0.44832642931660399  0.46082603155011659  0.47337157975529603  0.48595599662052952
  0.49854970840048646  0.51116036558436495  0.52378953330973144  0.53643956926815350
  0.54906987934438178  0.56168268344246408  0.57424808374419167  0.58677426210422912
  0.59923556979868187  0.61165055521027989  0.62399520138589959  0.63626539789087155
  0.64843831256378159  0.66051728434250667  0.67249646470391711  0.68436988976591140
  0.69612928671455698  0.70776637901877093  0.71928002147837544  0.73066189890695021
  0.74192659959078044  0.75306573234231244  0.76408288158917703  0.77496217732795503
  0.78570605759552969  0.79631371020191188  0.80679763419509931  0.81715409231104663
  0.82739024733820987  0.83749454209490504  0.84747065287679502  0.85731427940326888
  0.86702877889119767  0.87662250893673754  0.88609073239759417  0.89544961205260742
  0.90468996034902938  0.91381990257431156  0.92283012159835143  0.93172546331197681
  0.94051462147620135  0.94918877843928540  0.95776437224549249  0.96623796403632989
  0.97462136402079258  0.98286011759168501  0.98927543496022996  1.00000000000000000
 -0.00228087617901151  0.00956323988212365  0.01960561951014509  0.03014510369871622
  0.04058747206708534  0.05114391507470497  0.06166055333954253  0.07211677001964062
  0.08264376372861421  0.09305984451737834  0.10347576565221604  0.11388220481029787
  0.12436044319858910  0.13487426973039335  0.14533578120775933  0.15586979173244639
  0.16645156795570717  0.17699184939642965  0.18757808295003156  0.19814963405239108
  0.20878051841128839  0.21930338681989417  0.22982488163752376  0.24042588921459693
  0.25088897061489274  0.26147711036192289  0.27204676520840532  0.28271628956948297
  0.29332866089373527  0.30393302336947581  0.31448906841680063  0.32506240828226107
  0.33559740166316931  0.34623579375115632  0.35692092535353726  0.36766495954021150
  0.37836390107574447  0.38896167109728597  0.39963288292713561  0.41030248180370943
  0.42095447554021181  0.43153890548787849  0.44216338622005796  0.45279456143843766
  0.46327796658596998  0.47367211774243873  0.48410588700343371  0.49462582353535128
  0.50519506568157058  0.51581724474540647  0.52643822120891970  0.53709348084772335
  0.54769208899496236  0.55832385160803244  0.56888789164392839  0.57940822309468687
  0.58993604622840967  0.60037375468578480  0.61082525268779608  0.62129565083703853
  0.63188253147185680  0.64241955341665602  0.65292280977914963  0.66337546195081587
  0.67391420256318280  0.68449902060380108  0.69506501378620478  0.70563245625350746
  0.71619476799452930  0.72675706424962749  0.73724734705140216  0.74773575953100191
  0.75822411546675506  0.76874805061055396  0.77926304133731905  0.78981038333849796
  0.80032043748904136  0.81080013853864186  0.82126211228232038  0.83176689361474698
  0.84229362370685901  0.85284269051438011  0.86336900711013176  0.87386013123438044
  0.88439078492947454  0.89498140858046005  0.90549035804484168  0.91596709975936608
  0.92636167691984983  0.93679067141367633  0.94725617992681177  0.95765562338189814
  0.96822813742030145  0.97874529011602973  0.98939045919342306  1.00000000000000000
   9.9494480462561916E-002  -1.0000000000000000     
 F F F F F F F F F F F F F F F F F F F F F F F F F F F F F F F F
  <DiscreteSampler_grid>
  grouped_processes
  1 # 1 for a reference and 2 for a running grid.
  10 # Attribute 'min_bin_probing_points' of the grid.
  1 # Attribute 'grid_mode' of the grid. 1=='default',2=='initialization'
  0.0000000000000000 # Attribute 'small_contrib_threshold' of the grid.
  0.5000000000000000 # Attribute 'damping_power' of the grid.
 # binID   n_entries weight   weight_sqr   abs_weight
    13   10   8.906200842447844E+008   8.214122271824635E+017   8.906200842447844E+008
    16   10   9.029792703683220E+008   8.457428782968678E+017   9.029792703683220E+008
  </DiscreteSampler_grid>
