  0.01163783084888483  0.01477695801282335  0.02125784110566710  0.02895795486288500
  0.03698044532655824  0.04495067393566563  0.05304139810209374  0.06120402258459329
  0.06950156337444469  0.07786627664698682  0.08634317238880883  0.09492405740944532
  0.10359918822731309  0.11237804495997458  0.12125830694066446  0.13025750304555250
  0.13938119404904750  0.14861867900885770  0.15797244501435581  0.16744258177901342
  0.17703649127526161  0.18674630757751728  0.19657820044653437  0.20653814163833681
  0.21663383487935356  0.22686360975526290  0.23721113074109054  0.24768167583473202
  0.25827411667070643  0.26900585903608848  0.27986950792343812  0.29086854917265342
  0.30199283622401890  0.31324312377102975  0.32462497991299716  0.33614407372971755
  0.34779109621897586  0.35955422711327939  0.37143059296515635  0.38342746040916209
  0.39553259108614086  0.40773484334125204  0.42001441218494112  0.43237350736323332
  0.44480301829692448  0.45729715196105508  0.46984715427746115  0.48244188237886843
  0.49505855356853729  0.50769348296142780  0.52035388189710430  0.53304044637366754
  0.54571995571686416  0.55838582198151587  0.57100958418390346  0.58359645983745989
  0.59612147181604480  0.60860725822254202  0.62102796921609649  0.63337967449036403
  0.64563323205560152  0.65779690072924568  0.66986012786051241  0.68182018408129041
  0.69366740806554927  0.70539536366750555  0.71700167882929888  0.72847970284842967
  0.73983772867247732  0.75107224570069464  0.76218228773646191  0.77315425212823730
  0.78398977227402811  0.79469221379698451  0.80526914101668978  0.81571819908609866
  0.82603956402055112  0.83622979578192758  0.84629014264087921  0.85622008451187892
  0.86601561493904888  0.87569116470327535  0.88524149292059395  0.89468076627539239
  0.90400058324887878  0.91320700470895899  0.92229385133047248  0.93126372903127408
  0.94012429821344778  0.94886877497772315  0.95750898888329039  0.96604583739203809
  0.97448857572604142  0.98279114058588424  0.98928220545374190  1.00000000000000000
 -0.00229143292790803  0.00961428345712221  0.01967691350240312  0.03021201193432735
  0.04063856112256567  0.05117513637617556  0.06168932302607644  0.07215382236785492
  0.08267242436897521  0.09307096052985037  0.10345958660543157  0.11386046857289800
  0.12435090551835529  0.13488353442907719  0.14534059126700125  0.15586151706053702
  0.16642572419445809  0.17698177975279508  0.18759069590957814  0.19817229691061380
  0.20879469162350831  0.21930551661442277  0.22981624963488606  0.24041604955829990
  0.25086761275700020  0.26144834870132305  0.27200806107505232  0.28265052162406124
  0.29325063191624634  0.30384950727687493  0.31441118899959236  0.32498344006870095
  0.33550667954522218  0.34614425080992001  0.35685630588766232  0.36762763652008251
  0.37835659193166271  0.38896415029263892  0.39964468929192404  0.41031190077076374
  0.42095580341377281  0.43152890478850997  0.44214166794074899  0.45276238317752876
  0.46323878666810564  0.47363735876570917  0.48407859309540813  0.49462249210972198
  0.50519919792470980  0.51582307461680321  0.52642695773010761  0.53707481253769196
  0.54766234498307753  0.55830160214052071  0.56886681622188873  0.57939694558463006
  0.58992993209669686  0.60038769158829142  0.61083337631812362  0.62130211435015248
  0.63188120753700561  0.64242705121105137  0.65293037210835203  0.66338236636018699
  0.67392416055058257  0.68451370037634873  0.69508350351399573  0.70566420927750706
  0.71623996269586432  0.72681496020368219  0.73731124116575364  0.74779472509950384
  0.75828064455048949  0.76879463185960906  0.77930817089020277  0.78986069758609223
  0.80038796887841412  0.81088657916647644  0.82136286565453009  0.83187130376144514
  0.84240290100027493  0.85294264213332183  0.86345293805510070  0.87392939068678610
  0.88445574633738355  0.89504753370631118  0.90555416337317585  0.91602357327701689
  0.92642303403917658  0.93685616656773951  0.94733414998192056  0.95772090300263668
  0.96827764375916858  0.97876254470101132  0.98940183462573017  1.00000000000000000
   5.0124734967773449E-002  -1.0000000000000000     
 F F F F F F F F F F F F F F F F F F F F F F F F F F F F F F F F
  <DiscreteSampler_grid>
  grouped_processes
  1 # 1 for a reference and 2 for a running grid.
  10 # Attribute 'min_bin_probing_points' of the grid.
  1 # Attribute 'grid_mode' of the grid. 1=='default',2=='initialization'
  0.0000000000000000 # Attribute 'small_contrib_threshold' of the grid.
  0.5000000000000000 # Attribute 'damping_power' of the grid.
 # binID   n_entries weight   weight_sqr   abs_weight
    10   10   9.352547971135334E+008   9.220561902737610E+017   9.352547971135334E+008
  </DiscreteSampler_grid>
