  0.01214055056817922  0.01228308307119084  0.01242316992339232  0.01256400673664193
  0.01273173746365237  0.01291873586267440  0.01310494175647150  0.01329595225998941
  0.01349454140415253  0.01369802197584632  0.01390691285284979  0.01412126386663197
  0.01434060940631042  0.01456473952312964  0.01479795044756699  0.01503694999157726
  0.01528194230674107  0.01553329143974976  0.01579185660176877  0.01606030730229611
  0.01633767735499636  0.01662295013977983  0.01691627659823613  0.01721861891269786
  0.01753051871045767  0.01785178210723119  0.01818493913773947  0.01853057095541586
  0.01888458726266614  0.01925546113995290  0.01963774552622362  0.02003032078670838
  0.02044073443286913  0.02086652876261328  0.02130158526434529  0.02176143334098262
  0.02223761684490371  0.02272984217057928  0.02324141309557184  0.02377430400422724
  0.02432648166274123  0.02489793720987774  0.02550434816760828  0.02613125511053234
  0.02678384694966639  0.02746931205645184  0.02818676372450361  0.02893383243243254
  0.02971665279211047  0.03053935882160388  0.03140085659688371  0.03230488877053583
  0.03326010972411012  0.03426509208554275  0.03531672433170891  0.03642634057483056
  0.03760304948758059  0.03884778107225932  0.04016308630556267  0.04155633958491494
  0.04305135800098024  0.04463206857232756  0.04630574293382598  0.04807697228184234
  0.04999082433242682  0.05203697692865611  0.05423077584124367  0.05658274339174073
  0.05911017040187579  0.06186149643967738  0.06483108640005214  0.06805707036451700
  0.07157333110293554  0.07542244233508502  0.07962849854621164  0.08425085982452946
  0.08935975430765254  0.09501480533406026  0.10128081334325692  0.10828021918662566
  0.11614880343335840  0.12504484817254305  0.13524688504621890  0.14699690887115252
  0.16058652306986826  0.17623350343980271  0.19470030458095322  0.21709822472630788
  0.24409864388838695  0.27699693227719574  0.31962581719979555  0.37443809672701855
  0.44823659039103209  0.55581755542157307  0.72240632311141195  1.00000000000000000
 -0.00240187574018944  0.00896789461021850  0.01887833501360752  0.02902461729908793
  0.03932086370176113  0.04966021940532357  0.06014184003306384  0.07095239734364099
  0.08146790713959112  0.09216647267485757  0.10284702099218164  0.11358116957518707
  0.12444460635737663  0.13503590450341826  0.14593156981087271  0.15645159982140100
  0.16703634282291510  0.17736267665774413  0.18749556152630378  0.19763755833282351
  0.20764485654083387  0.21862068414222963  0.22967830092846553  0.24068097099419444
  0.25155090786904649  0.26275895898767876  0.27392439088181902  0.28502669442285478
  0.29600514190156529  0.30599307721403546  0.31611718293708546  0.32602502301429026
  0.33687477823108880  0.34775474473339058  0.35840766833374427  0.36882917591689424
  0.37919670998876581  0.39003049871081052  0.40063060391234484  0.41115985153042361
  0.42144029331019661  0.43186465082564207  0.44189372156587098  0.45186670652571836
  0.46168476456652074  0.47182244628612791  0.48201273869622291  0.49233895916391834
  0.50267111961045019  0.51282092044087180  0.52298471706885563  0.53298495400620638
  0.54292537595330426  0.55300271443551752  0.56330318888090447  0.57406041791557683
  0.58486461352903008  0.59543448732358217  0.60595475481330507  0.61680796267402060
  0.62772494647915111  0.63848769404355488  0.64917252361015576  0.66005581927005474
  0.67105269261680434  0.68195432240858456  0.69276241555681350  0.70334098094962794
  0.71388822128270513  0.72470753995338832  0.73573469176062856  0.74682336495668133
  0.75794039951273773  0.76884976445280995  0.77929634799866176  0.78966549220701632
  0.80005714399489047  0.81093387854737953  0.82146583121634775  0.83226569104291515
  0.84313869189197144  0.85391121119356495  0.86425316226127014  0.87442615323745310
  0.88460725319967137  0.89487787540683561  0.90550355953662010  0.91610852481485627
  0.92655560321111563  0.93697929091621790  0.94788057470731812  0.95881828895315413
  0.96910177655962171  0.97936150590970728  0.98956906538921408  1.00000000000000000
   6.2895703322708704E-002  -1.0000000000000000     
 F F F F F F F F F F F F F F F F F F F F F F F F F F F F F F F F
  <DiscreteSampler_grid>
  grouped_processes
  1 # 1 for a reference and 2 for a running grid.
  10 # Attribute 'min_bin_probing_points' of the grid.
  1 # Attribute 'grid_mode' of the grid. 1=='default',2=='initialization'
  0.0000000000000000 # Attribute 'small_contrib_threshold' of the grid.
  0.5000000000000000 # Attribute 'damping_power' of the grid.
 # binID   n_entries weight   weight_sqr   abs_weight
    10   10   3.001629860976622E+009   4.775891478373832E+019   3.001629860976622E+009
  </DiscreteSampler_grid>
